0,1,0,2,988
0,2,0,25,983
1,2
hello world
0,3,1,77,1001
1,1
0,1,0,0,100
0,4,0,83,995
0,5,1,88,1020
0,6,0,75,983
0,7,0,34,981
0,8,0,65,996
0,1,0,0,100
0,9,0,93,996
0,10,0,68,987
,,,
9,9,9
BADMESSAGE
0,11,1,94,1004
0,12,1,77,1002
0,13,1,94,1016
1,11
BADMESSAGE
0,14,1,88,1004
1
0,15,1,85,1019
0,16,1,19,1006
0,1,2,3
0,1,0,5,
0,17,0,22,990
1
0,18,1,64,1020
,,,
0,19,1,28,1011
0,20,1,83,1002
0,21,0,30,983
9,9,9
0,22,0,56,980
1
,,,
9,9,9
0,23,0,29,995
0,24,1,92,1018
0,25,1,36,1015
0,26,0,29,992
0,27,0,32,990
0,28,1,7,1015
0,29,0,21,990
0,1,0,5,
0,30,1,23,1016
0,31,1,60,1005
0,32,1,54,1018
0,33,1,23,1015
0,34,1,14,1000
0,35,0,61,987
0,36,1,88,1020
0,37,1,91,1001
0,38,0,6,982
0,39,0,18,991
0,40,0,6,983
0,41,0,25,984
0,42,0,90,1000
0,43,0,24,1000
0,44,1,9,1018
0,1,0,0,100
0,45,0,85,985
1,29
0,46,1,11,1016
0,47,0,72,982
0,48,1,63,1015
0,abc,0,5,100
9,9,9
0,49,0,20,985
0,50,0,64,990
0,1,0,5,1.2.3
0,1,0,5,1.2.3
0,51,1,32,1011
0,52,1,77,1018
0,53,0,70,988
0,54,0,41,995
0,55,0,45,986
0,56,0,29,995
0,57,0,49,998
0,58,1,56,1000
0,1,2,3
0,1,2,3
1,12
0,59,1,38,1014
0,60,1,9,1007
0,61,0,83,987
0,1,0,5,1.2.3
0,1,0,0,100
,,,
0,abc,0,5,100
0,62,1,68,1011
0,63,1,12,1020
hello world
0,64,0,61,988
0,1,2,3
0,1,0,0,100
1,45
0,65,1,13,1005
,,,
9,9,9
0,66,0,68,984
0,1,2,3
0,1,0,5,
0,67,0,3,994
0,1,0,0,100
1
0,68,1,74,1004
0,69,0,30,980
9,9,9
0,70,0,32,991
0,1,2,3
0,1,0,0,100
0,1,2,3
0,71,0,89,994
0,72,0,37,996
0,73,1,44,1005
hello world
0,74,0,92,986
0,75,1,27,1006
0,76,1,44,1003
0,77,1,67,1003
0,78,1,45,1020
0,1,0,5,
0,79,0,6,993
0,80,1,70,1007
0,1,0,0,100
0,81,1,36,1003
0,1,0,0,100
0,82,1,54,1015
0,83,0,50,998
0,84,1,23,1005
0,1,0,5,1.2.3
0,85,1,93,1015
0,1,0,5,
hello world
0,1,0,0,100
0,86,0,73,993
0,87,0,53,981
0,88,1,33,1002
0,89,1,58,1002
0,90,1,63,1008
0,91,0,60,987
0,1,2,3
0,92,1,73,1019
0,93,0,6,994
9,9,9
0,94,1,43,1017
0,95,0,93,981
0,96,1,35,1000
1,72
0,97,1,9,1000
0,1,0,5,
0,abc,0,5,100
0,1,2,3
0,98,0,17,994
0,99,0,86,991
0,100,0,5,992
0,101,1,72,1000
0,102,0,73,994
1,53
0,103,0,27,987
0,104,1,96,1001
0,105,1,99,1012
0,106,0,73,989
0,107,1,74,1015
BADMESSAGE
0,108,1,96,1013
0,109,1,54,1001
0,abc,0,5,100
1
0,1,2,3
0,110,0,77,992
0,111,0,90,998
0,112,1,93,1011
1
0,113,0,28,994
0,114,0,16,995
0,115,1,99,1014
,,,
0,116,1,55,1014
1,89
0,117,1,52,1009
0,1,0,5,
0,118,0,43,982
0,119,1,96,1015
0,120,1,65,1017
0,1,0,5,
0,121,0,77,989
0,122,0,98,986
9,9,9
0,123,1,7,1010
0,1,2,3
0,124,1,31,1008
0,125,0,56,982
0,1,0,5,
0,126,1,75,1012
