0,1,0,86,985
0,2,0,76,997
0,3,0,41,984
0,4,1,76,1005
0,5,1,21,1003
0,6,0,40,977
0,7,0,72,986
0,8,0,88,996
0,9,1,47,1000
0,10,0,96,991
0,11,1,62,1016
0,12,0,88,982
1,2
0,13,1,19,1005
0,14,0,69,984
0,15,1,56,1001
0,16,0,56,984
0,17,1,89,1004
0,18,1,81,1006
0,19,0,52,998
0,20,0,51,985
0,21,1,32,1006
0,22,0,24,993
0,23,1,96,1018
1,15
0,24,1,17,1003
0,25,0,69,996
0,26,0,33,991
0,27,1,6,1006
1,13
0,28,1,94,1014
0,29,1,3,1008
0,30,1,58,1008
0,31,1,63,1014
0,32,1,89,1017
0,33,0,56,995
0,34,0,51,994
0,35,1,14,1000
0,36,0,64,994
0,37,1,96,1005
0,38,0,37,999
0,39,0,22,989
0,40,0,54,983
0,41,1,44,1007
0,42,1,27,1001
0,43,1,5,1015
0,44,1,66,1003
0,45,1,68,1014
0,46,0,84,998
1,25
0,47,1,69,1011
0,48,0,80,1000
0,49,0,39,989
0,50,1,90,1012
0,51,0,76,992
0,52,0,51,1001
0,53,1,50,1005
0,54,0,79,987
0,55,1,8,1006
0,56,1,95,1012
0,57,0,18,982
0,58,1,29,1011
0,59,0,31,983
1,8
0,60,1,72,1019
0,61,0,95,988
1,44
0,62,1,49,1008
0,63,1,52,1005
0,64,0,78,1001
1,21
0,65,0,63,1002
0,66,1,49,1002
0,67,0,18,983
0,68,0,85,996
0,69,0,28,982
0,70,1,17,1019
0,71,1,92,1018
0,72,1,100,1019
0,73,1,82,1020
1,19
0,74,0,60,1004
1,32
0,75,1,27,1013
0,76,1,4,1016
0,77,0,87,987
0,78,1,8,1008
0,79,0,85,1006
0,80,0,89,998
0,81,0,32,1001
0,82,1,80,1009
0,83,0,71,985
0,84,0,2,993
0,85,0,44,991
0,86,0,91,1002
0,87,0,40,993
0,88,1,51,1009
0,89,1,50,1019
0,90,1,55,1015
0,91,0,65,1001
0,92,1,26,1016
0,93,0,25,993
0,94,1,77,1020
0,95,1,11,1015
0,96,1,13,1015
0,97,0,33,982
1,9
0,98,1,43,1020
0,99,1,77,1010
0,100,0,57,1001
0,101,0,37,982
0,102,0,32,992
0,103,1,20,1007
0,104,0,79,995
0,105,1,71,1005
0,106,1,30,1012
0,107,1,18,999
0,108,0,30,975
1,88
0,109,0,86,992
0,110,0,99,983
0,111,0,53,986
0,112,0,42,978
0,113,0,58,982
0,114,0,58,984
0,115,1,47,1010
0,116,0,83,992
0,117,0,40,988
0,118,0,89,980
0,119,1,24,998
0,120,0,23,988
0,121,1,86,1007
0,122,1,30,993
0,123,0,13,983
0,124,1,99,993
0,125,0,8,981
0,126,1,32,998
0,127,1,67,996
0,128,1,4,1003
0,129,1,92,1015
0,130,1,10,1013
0,131,0,42,977
0,132,1,21,1006
0,133,0,67,984
0,134,0,7,993
0,135,1,100,998
0,136,1,19,999
0,137,0,69,974
0,138,1,59,1015
0,139,0,55,995
0,140,0,54,977
1,57
1,109
0,141,1,66,997
0,142,1,34,1001
0,143,0,76,994
0,144,0,41,985
0,145,1,15,1000
0,146,1,66,1014
0,147,0,96,982
0,148,0,87,979
0,149,1,43,1011
0,150,1,55,1015
0,151,0,83,983
0,152,0,96,987
0,153,1,40,1012
1,122
0,154,0,47,983
0,155,1,20,1005
1,90
0,156,0,49,997
0,157,1,33,1018
0,158,1,1,1014
0,159,1,1,1000
0,160,0,42,993
0,161,1,82,1002
0,162,1,15,1009
0,163,1,85,1013
0,164,1,100,1010
0,165,0,21,991
0,166,1,57,999
0,167,1,59,1010
0,168,1,72,1015
0,169,1,41,1005
1,71
0,170,0,10,995
0,171,0,53,978
0,172,1,85,1012
0,173,1,57,1006
0,174,1,6,1007
0,175,1,79,1006
0,176,1,81,1012
0,177,1,35,1011
0,178,1,63,1015
0,179,1,19,1013
0,180,1,35,995
0,181,1,65,1011
0,182,1,67,1000
0,183,1,90,997
0,184,0,66,981
1,177
0,185,1,74,1004
0,186,1,13,995
0,187,0,31,977
0,188,1,73,1014
0,189,1,32,994
0,190,0,40,986
1,164
0,191,0,90,973
0,192,0,99,986
0,193,0,50,981
0,194,0,51,976
0,195,0,13,977
0,196,0,78,988
0,197,1,79,1009
0,198,0,14,981
0,199,0,28,992
1,56
0,200,1,34,1002
0,201,1,79,1011
0,202,1,67,998
0,203,0,97,985
0,204,0,2,978
0,205,1,30,1001
0,206,0,14,984
0,207,0,62,980
0,208,1,77,1007
0,209,0,63,980
0,210,0,44,989
0,211,0,64,987
0,212,1,90,1000
0,213,1,76,1010
0,214,0,79,984
0,215,0,44,972
0,216,0,93,985
0,217,1,5,1000
0,218,1,14,998
0,219,1,78,997
0,220,1,19,1009
0,221,1,6,1000
0,222,0,23,975
0,223,0,20,986
0,224,1,13,994
0,225,1,91,996
0,226,1,62,1005
1,152
1,182
0,227,1,57,995
0,228,0,18,982
0,229,1,73,1002
0,230,0,44,986
0,231,0,92,985
1,54
0,232,0,11,988
0,233,0,61,977
0,234,1,4,1005
0,235,1,8,1001
0,236,0,88,973
0,237,1,97,1010
0,238,1,40,1005
1,204
0,239,0,38,987
0,240,0,99,990
0,241,1,19,998
0,242,1,85,996
0,243,1,7,996
0,244,0,17,979
0,245,1,48,1010
0,246,0,51,989
0,247,1,31,1007
1,37
0,248,0,60,980
0,249,1,76,1011
0,250,1,87,1008
0,251,0,91,995
0,252,0,14,975
1,130
0,253,1,34,1015
0,254,1,15,1013
0,255,0,53,975
0,256,0,29,977
0,257,1,39,999
0,258,0,31,975
0,259,1,76,1005
0,260,0,65,984
1,143
0,261,0,88,986
0,262,1,98,1004
1,30
0,263,1,9,993
0,264,0,83,992
0,265,1,32,1015
0,266,1,38,1008
0,267,0,8,985
0,268,1,84,1006
0,269,0,91,987
0,270,1,36,1004
0,271,1,45,1013
0,272,0,35,988
1,10
0,273,0,1,995
0,274,1,68,1010
0,275,1,52,997
0,276,1,4,1016
0,277,1,62,1010
0,278,0,42,998
0,279,1,43,1010
0,280,1,75,1003
0,281,1,25,1007
0,282,1,42,1008
0,283,0,78,981
0,284,1,60,1014
1,139
0,285,0,97,983
0,286,0,30,998
0,287,0,39,995
0,288,0,16,986
0,289,0,75,994
0,290,0,27,995
0,291,1,83,1016
0,292,1,69,1018
0,293,0,81,996
0,294,1,54,1005
0,295,1,2,1019
0,296,1,64,1004
0,297,0,76,990
1,209
0,298,1,77,1014
0,299,0,85,999
1,102
0,300,1,57,1019
0,301,1,57,1010
0,302,1,53,1002
0,303,0,70,979
0,304,0,8,983
0,305,0,65,993
0,306,1,6,1017
1,173
0,307,0,5,989
0,308,1,70,1010
0,309,0,53,987
0,310,0,28,996
0,311,0,20,996
0,312,1,27,1007
0,313,0,8,1004
1,194
0,314,1,24,1019
0,315,1,95,1010
0,316,0,86,992
0,317,1,36,1017
0,318,1,66,1009
0,319,0,25,996
0,320,0,74,989
0,321,1,54,1007
1,126
0,322,0,64,987
0,323,0,41,987
0,324,0,99,998
0,325,0,43,1004
1,127
0,326,1,33,1022
0,327,1,42,1023
0,328,1,25,1025
0,329,0,100,1001
0,330,0,29,988
0,331,1,99,1013
0,332,0,47,987
0,333,1,57,1014
0,334,1,2,1020
1,46
0,335,0,87,989
0,336,0,74,1003
0,337,0,73,1001
0,338,0,69,995
0,339,1,31,1005
0,340,0,12,988
0,341,1,80,1020
0,342,1,32,1022
0,343,1,69,1012
0,344,0,54,1000
0,345,0,70,981
0,346,1,74,1016
0,347,1,16,1005
0,348,1,36,1016
1,39
1,169
0,349,0,97,990
0,350,1,23,1015
0,351,1,89,1012
1,91
0,352,0,24,985
0,353,0,77,989
0,354,0,56,990
1,141
0,355,0,38,991
0,356,1,80,1007
0,357,0,49,995
1,223
0,358,0,24,991
0,359,0,90,989
0,360,0,47,989
0,361,1,45,1020
0,362,1,88,1008
0,363,0,2,988
0,364,0,88,981
0,365,0,39,992
0,366,1,61,1014
0,367,0,73,984
0,368,0,15,989
0,369,1,70,1018
1,226
0,370,1,23,1008
0,371,1,6,1005
0,372,0,1,993
0,373,1,54,1011
0,374,0,85,992
0,375,0,83,980
0,376,1,58,1000
0,377,1,92,1016
0,378,0,28,985
0,379,1,49,1014
0,380,1,37,996
0,381,0,13,991
1,168
0,382,0,51,976
0,383,1,31,1003
0,384,0,61,989
0,385,1,78,996
0,386,1,96,994
0,387,0,10,980
0,388,0,68,976
0,389,0,11,979
0,390,1,51,999
0,391,1,81,996
0,392,0,50,976
1,263
0,393,1,80,994
0,394,0,18,973
0,395,1,67,987
0,396,1,9,984
0,397,1,90,990
0,398,1,34,1001
0,399,1,20,1001
0,400,0,32,980
0,401,0,58,978
0,402,1,63,999
0,403,1,2,1002
0,404,0,100,961
0,405,1,4,999
0,406,1,69,989
0,407,0,32,973
0,408,1,78,983
1,373
0,409,0,86,979
0,410,0,29,966
0,411,1,57,1001
0,412,1,2,1002
1,170
0,413,1,73,999
0,414,0,77,980
1,378
1,70
0,415,1,75,996
0,416,0,83,976
0,417,0,60,974
0,418,1,81,994
0,419,1,35,985
1,176
0,420,0,22,967
0,421,0,57,978
0,422,1,56,996
0,423,0,49,976
0,424,1,46,994
0,425,1,74,993
0,426,1,88,992
1,262
0,427,1,63,1000
0,428,1,69,999
0,429,0,34,977
1,301
0,430,1,49,991
0,431,0,43,980
0,432,1,57,989
1,276
0,433,1,38,989
0,434,1,75,987
0,435,1,17,985
0,436,0,39,963
0,437,1,30,984
0,438,0,10,974
0,439,0,1,963
0,440,0,59,975
0,441,1,96,994
0,442,1,83,994
0,443,0,23,963
0,444,0,31,973
0,445,0,24,970
0,446,1,60,1003
0,447,1,65,994
1,26
0,448,1,5,995
0,449,0,54,970
0,450,0,57,984
1,244
1,293
0,451,0,64,976
0,452,0,18,975
0,453,1,61,995
0,454,1,44,997
0,455,1,69,1001
0,456,1,91,991
0,457,0,87,979
0,458,0,18,983
0,459,1,83,999
0,460,0,55,984
0,461,1,89,988
0,462,0,54,973
0,463,0,75,977
1,99
0,464,0,30,980
0,465,1,26,994
1,225
0,466,1,5,995
0,467,0,55,983
0,468,1,44,1004
1,389
0,469,1,62,988
0,470,0,40,986
0,471,0,99,983
0,472,0,46,970
0,473,1,6,995
0,474,1,69,989
0,475,0,43,970
0,476,1,58,998
0,477,1,58,990
0,478,0,80,971
0,479,0,32,973
0,480,0,39,988
0,481,1,11,995
0,482,0,81,977
0,483,0,57,979
0,484,1,96,1004
0,485,0,86,977
0,486,0,98,979
0,487,0,32,982
0,488,0,44,981
0,489,0,27,979
0,490,0,12,978
0,491,0,36,985
0,492,0,76,986
0,493,1,87,998
0,494,0,5,985
0,495,1,27,997
0,496,0,36,972
0,497,1,54,1003
0,498,1,67,1001
1,255
0,499,0,68,984
0,500,1,95,992
0,501,0,81,979
0,502,1,66,992
0,503,0,62,980
0,504,1,74,1005
0,505,1,2,986
0,506,1,40,998
0,507,1,71,986
0,508,0,85,982
0,509,0,6,974
0,510,1,65,986
0,511,1,97,999
0,512,0,32,986
0,513,1,42,994
0,514,0,38,976
0,515,1,88,993
0,516,1,22,992
0,517,1,26,987
0,518,0,62,967
0,519,1,94,1000
1,216
0,520,0,31,985
0,521,1,64,992
0,522,1,21,989
0,523,1,60,1003
0,524,1,45,1005
0,525,0,92,980
0,526,1,35,1005
0,527,1,12,989
0,528,0,41,968
0,529,0,50,974
0,530,1,96,1000
0,531,1,32,1007
0,532,0,94,974
0,533,0,13,981
0,534,0,100,982
0,535,0,16,972
0,536,1,65,1003
0,537,1,70,1011
0,538,0,37,984
0,539,1,29,1001
0,540,1,15,1000
1,386
1,305
0,541,0,42,974
0,542,1,36,991
0,543,0,57,981
0,544,0,38,972
0,545,0,94,981
0,546,0,29,981
0,547,0,69,990
0,548,0,93,992
1,517
0,549,1,45,1003
0,550,1,17,997
0,551,1,73,995
0,552,0,61,981
1,491
0,553,1,52,1008
0,554,1,1,1006
0,555,0,15,987
0,556,1,18,1001
0,557,1,41,1004
0,558,0,34,986
0,559,0,13,988
0,560,1,57,996
0,561,0,54,983
0,562,0,29,989
0,563,0,91,969
0,564,1,43,990
0,565,1,84,992
0,566,1,74,1008
0,567,0,27,970
0,568,0,79,973
0,569,1,64,992
1,214
1,151
0,570,0,3,983
0,571,1,90,990
0,572,0,43,971
0,573,0,57,986
0,574,0,32,981
0,575,0,13,968
0,576,0,47,972
0,577,0,33,979
0,578,1,51,997
1,339
0,579,1,3,991
0,580,1,38,992
0,581,0,82,975
0,582,1,87,989
0,583,0,57,983
1,363
0,584,0,29,986
0,585,1,68,1003
0,586,0,59,983
0,587,1,10,988
0,588,1,65,985
0,589,1,49,992
0,590,0,68,978
0,591,0,92,967
0,592,0,51,981
0,593,1,39,1002
0,594,1,71,985
0,595,1,36,992
0,596,1,58,987
0,597,0,18,971
0,598,1,15,1000
0,599,1,51,992
0,600,0,44,980
0,601,1,83,995
0,602,0,83,981
0,603,1,31,992
0,604,1,51,995
0,605,1,1,1001
0,606,1,20,1002
0,607,1,7,995
0,608,0,22,967
0,609,1,74,1007
0,610,0,48,979
0,611,1,92,1004
0,612,0,93,982
0,613,0,95,974
0,614,0,66,983
0,615,0,50,971
0,616,1,66,1005
0,617,0,4,968
0,618,0,58,978
0,619,1,98,1004
0,620,1,67,1003
1,467
0,621,0,39,971
1,396
0,622,1,69,989
0,623,1,67,992
0,624,0,6,989
0,625,1,27,995
0,626,0,91,976
0,627,0,44,979
0,628,1,55,1002
0,629,0,74,987
0,630,0,4,980
0,631,1,13,1009
0,632,1,19,1012
0,633,0,58,973
0,634,1,73,999
0,635,1,60,999
0,636,0,91,980
0,637,1,35,1012
0,638,1,2,1005
0,639,0,60,992
0,640,0,23,981
1,370
0,641,1,89,1002
0,642,1,80,1008
0,643,0,67,990
0,644,0,62,978
0,645,0,63,990
0,646,1,4,1012
1,440
1,599
0,647,1,69,1005
0,648,1,8,998
0,649,0,51,987
0,650,0,53,975
1,459
0,651,0,34,985
0,652,1,87,1004
0,653,0,14,995
0,654,1,74,1009
0,655,0,36,978
0,656,0,65,981
0,657,0,93,975
0,658,0,58,976
0,659,0,78,990
0,660,1,23,1005
0,661,0,20,977
0,662,0,13,987
0,663,0,40,988
0,664,0,58,985
0,665,1,6,1008
0,666,1,9,999
0,667,0,24,985
0,668,1,10,1006
0,669,1,33,1001
0,670,0,63,984
0,671,1,97,998
0,672,1,48,996
0,673,1,36,998
0,674,0,56,980
0,675,1,75,1010
0,676,1,94,1008
0,677,0,80,989
0,678,0,98,996
0,679,1,34,999
0,680,1,44,999
1,187
0,681,1,66,996
0,682,0,59,991
0,683,0,12,993
0,684,1,18,1006
0,685,0,32,984
0,686,0,41,977
0,687,1,29,1007
0,688,1,5,1003
0,689,0,16,974
0,690,1,94,992
0,691,1,38,992
1,571
0,692,1,92,991
0,693,1,100,992
0,694,1,99,1008
0,695,0,35,978
0,696,0,65,991
0,697,1,51,1004
0,698,0,84,973
0,699,1,72,1011
0,700,1,79,1004
0,701,1,27,1009
0,702,0,96,987
0,703,1,11,1008
0,704,0,25,985
0,705,1,80,1002
0,706,0,44,980
0,707,0,26,985
0,708,0,88,978
0,709,1,13,1002
0,710,0,16,973
0,711,1,84,1005
0,712,0,91,976
0,713,1,34,1000
1,591
0,714,1,63,1007
1,38
0,715,0,34,989
0,716,0,53,992
0,717,0,22,973
1,410
0,718,1,39,997
0,719,0,66,991
0,720,1,16,1003
0,721,1,98,993
0,722,0,29,975
0,723,0,75,993
0,724,1,25,1000
0,725,0,46,988
0,726,0,74,981
0,727,1,33,1000
0,728,1,88,1000
0,729,1,56,1002
0,730,1,2,996
0,731,1,93,998
1,72
0,732,1,90,1012
0,733,0,79,988
0,734,1,27,1013
0,735,1,23,1007
1,317
0,736,0,21,977
0,737,0,68,976
0,738,1,13,1015
0,739,0,24,978
0,740,0,83,987
0,741,1,59,999
0,742,1,94,1014
0,743,0,11,986
0,744,0,4,983
0,745,1,79,1013
0,746,1,47,1010
0,747,0,65,978
0,748,1,9,1004
0,749,0,57,987
0,750,1,20,1004
0,751,1,44,1007
0,752,1,41,1001
0,753,1,98,1002
1,114
0,754,0,49,978
0,755,1,22,997
0,756,0,9,991
0,757,0,98,976
0,758,0,52,994
0,759,1,5,1004
0,760,0,14,991
0,761,1,35,1008
0,762,0,53,996
0,763,0,32,984
1,732
0,764,0,52,983
1,661
0,765,0,35,978
0,766,1,38,1008
0,767,0,31,977
0,768,0,9,988
0,769,0,79,988
0,770,0,26,992
0,771,0,69,984
0,772,0,60,978
0,773,1,25,1003
0,774,1,14,998
0,775,1,98,997
0,776,1,86,1004
0,777,1,9,1016
0,778,0,29,987
0,779,0,95,981
1,306
0,780,0,20,982
0,781,1,13,998
0,782,1,20,1012
0,783,1,44,1012
0,784,1,50,998
0,785,0,31,982
0,786,0,89,986
1,721
0,787,0,62,978
0,788,1,13,999
0,789,1,89,1007
1,682
0,790,0,30,979
0,791,0,37,984
0,792,1,68,997
0,793,1,73,1009
0,794,1,31,996
0,795,1,13,1006
0,796,1,91,1007
0,797,0,46,979
0,798,0,54,981
1,765
0,799,0,42,982
1,438
1,63
0,800,1,33,1002
0,801,0,49,977
0,802,1,64,998
0,803,1,79,1000
0,804,1,98,996
0,805,0,77,991
0,806,0,90,972
0,807,0,94,990
0,808,1,89,1007
0,809,0,94,977
1,106
0,810,1,32,1009
0,811,1,99,994
0,812,0,96,989
0,813,0,1,990
1,502
0,814,1,35,1009
0,815,0,40,980
0,816,0,10,979
0,817,1,94,999
0,818,0,80,985
0,819,1,99,1002
0,820,0,20,984
0,821,0,83,981
0,822,0,9,986
0,823,0,80,974
1,771
0,824,1,80,998
0,825,0,35,990
0,826,1,82,1008
0,827,0,72,974
0,828,0,93,989
1,505
0,829,1,47,1009
0,830,0,13,975
0,831,0,57,993
0,832,1,30,995
0,833,1,94,1008
0,834,0,18,990
0,835,0,55,990
0,836,0,11,982
0,837,0,21,986
0,838,1,98,1003
0,839,0,21,977
0,840,1,2,1006
0,841,0,48,988
0,842,0,3,992
0,843,1,55,1007
0,844,1,10,1005
0,845,1,55,1012
0,846,0,42,987
0,847,0,78,978
0,848,0,56,975
0,849,1,3,1011
1,326
0,850,0,73,980
0,851,1,13,1001
0,852,1,26,1003
0,853,0,50,976
0,854,0,59,979
0,855,1,33,1006
0,856,1,99,1005
1,686
0,857,1,13,994
0,858,0,75,986
0,859,1,11,992
0,860,0,62,982
0,861,0,34,977
0,862,1,19,1009
0,863,0,1,988
0,864,1,55,1000
0,865,1,40,1004
0,866,0,50,971
1,337
0,867,0,83,984
0,868,0,83,974
1,839
0,869,0,53,975
1,550
0,870,0,72,972
0,871,1,25,1005
0,872,0,44,971
0,873,0,3,988
0,874,0,21,981
0,875,0,93,970
0,876,0,73,976
0,877,0,63,970
0,878,0,52,976
0,879,0,60,980
1,592
0,880,0,61,988
0,881,0,58,970
0,882,0,26,981
0,883,0,99,986
0,884,0,1,968
0,885,1,62,1003
0,886,1,81,994
0,887,1,76,988
0,888,0,24,982
0,889,1,96,1000
0,890,1,33,1005
1,607
0,891,1,67,988
0,892,0,49,967
0,893,0,100,983
0,894,0,13,989
0,895,0,8,974
1,520
0,896,0,74,969
0,897,0,74,985
0,898,0,22,973
